200
55
15 16 2  2  2  2  2  2  2  2  2  2  19  20 2  2  2  2  2  2  2  2  2  2  2  2  2  2  2  2  2  2  2  2  2  2  2  2  2  2  2  2  2  2  2  2  2  2  12 13 15 16 2  2  2  2  2  2  19 20 2  2  2  2  2  2  2  2  2  2  2  2  2  2  2  2  2  2  2  2  2  2  2  2  2  2  2  2  2  2  2  2  2  2  2  2  2  2  12 13 15 16 2  2  2  2  2  2  2  2  2  2  2   2  2  2  2  2  2  2  2  2  2  2  2  2  2  2  2  2  2  2  2  2  2  2  2  2  2  2  2  2  2  2  2  2  2  2  12 13 15 16 2  2  2  2  2  2  2  2  19 20 2  2  2  2  2  2  2  2  2  2  2  2  2  2  2  2  2  2  2  2  2  2  2  2  2  2  2  2  2  2  2  2  2  2  2  2  12 13
14 0  0  0  0  0  0  0  0  0  0  0  29  0  0  0  0  0  0  0  0  0  0  0  0  0  0  0  0  0  0  0  0  0  0  0  0  0  0  0  0  0  0  0  0  0  0  0  0  11 14 0  0  0  0  0  0  0  29 0  0  0  0  0  0  0  0  0  0  0  0  0  0  0  0  0  0  0  0  0  0  0  0  0  0  0  0  0  0  0  0  0  0  0  0  0  0  0  0  11 14 29 0  0  0  0  0  0  0  0  0  0  0   0  0  0  0  0  0  0  0  0  0  0  0  0  0  0  0  0  0  0  0  0  0  0  0  0  0  0  0  0  0  0  0  0  0  0  0  11 14 0  0  0  0  0  0  0  2  0  29 0  0  0  0  0  0  0  0  0  0  0  0  0  0  0  0  0  0  0  0  0  0  0  0  0  0  0  0  0  0  0  0  0  0  0  0  0  0  11
4  0  0  0  0  0  0  0  0  0  0  0  30  0  0  0  0  0  0  0  0  0  0  0  0  0  0  0  0  0  0  0  0  0  0  0  0  0  0  0  0  0  0  0  0  0  0  0  0  3  4  0  0  0  0  0  0  0  30 0  0  0  0  0  0  0  0  0  0  0  0  0  0  0  0  0  0  0  0  0  0  0  0  0  0  0  0  0  0  0  0  0  0  0  0  0  0  0  0  3  4  30 0  0  0  0  0  0  0  0  0  0  0   0  0  0  0  0  0  0  0  0  0  0  0  0  0  0  0  0  0  0  0  0  0  0  0  0  0  0  0  0  0  0  0  0  0  0  0  3  4  0  0  0  0  0  0  0  0  0  30 0  0  0  0  0  0  0  0  0  0  0  0  0  0  0  0  0  0  0  0  0  0  0  0  0  0  0  0  0  0  0  0  0  0  0  0  0  0  3
4  0  0  0  0  0  0  0  0  0  0  0  30  0  0  0  0  0  0  0  0  0  0  0  0  0  0  0  0  0  0  0  0  0  0  0  0  0  0  0  0  0  0  0  0  0  0  0  0  3  4  0  0  0  0  0  0  0  30 0  0  0  0  0  0  0  0  0  0  0  0  0  0  0  0  0  0  0  0  0  0  0  0  0  0  0  0  0  0  0  0  0  0  0  0  0  0  0  0  3  4  30 0  0  0  0  0  0  0  0  0  0  0   0  0  0  0  0  0  0  0  0  0  0  0  0  0  0  0  0  0  0  0  0  0  0  0  0  0  0  0  0  0  0  0  0  0  0  0  3  4  0  0  0  0  0  0  0  0  0  30 34 35 35 35 35 35 35 35 35 35 35 35 35 35 35 36 0  0  0  0  0  0  0  0  0  0  0  0  34 36 0  0  0  0  0  0  0  0  3 
4  0  0  0  0  0  0  0  0  0  0  0  30  0  0  0  0  0  0  0  0  0  0  0  0  0  0  0  0  0  0  0  0  0  0  0  0  0  0  0  0  0  0  0  0  0  0  0  0  3  4  0  0  0  0  0  0  0  30 0  0  0  0  0  0  0  0  0  0  0  0  0  0  0  0  0  0  0  0  0  0  0  0  0  0  0  0  0  0  0  0  0  0  0  0  0  0  0  0  3  4  30 0  0  0  0  0  0  0  0  0  0  0   0  0  0  0  0  0  0  0  0  0  0  0  0  0  0  0  0  0  0  0  0  0  0  0  0  0  0  0  0  0  0  0  0  0  0  0  3  4  0  0  0  0  0  0  0  0  0  30 0  0  0  0  0  0  0  0  0  0  0  0  0  0  0  0  0  0  34 35 36 0  0  0  0  0  0  0  0  0  0  0  0  0  0  0  0  0  3
4  0  0  0  0  0  0  0  0  0  0  0  30  0  0  0  0  0  0  0  0  0  0  0  0  0  0  0  0  0  0  0  0  0  0  0  0  0  0  0  0  0  0  0  0  0  0  0  0  3  4  0  0  0  0  0  0  0  30 0  0  0  0  0  0  0  0  0  0  0  0  0  0  0  0  0  0  0  0  0  0  0  0  0  0  0  0  0  0  0  0  0  0  0  0  0  0  0  0  3  4  30 0  0  0  0  0  0  0  0  0  0  0   0  0  0  0  0  0  0  0  0  0  0  0  0  0  0  0  0  0  0  0  0  0  0  0  0  0  0  0  0  0  0  0  0  0  0  0  3  4  0  0  0  0  0  0  0  0  0  30 0  0  0  0  0  0  0  0  0  0  0  0  0  0  0  0  0  0  0  0  0  0  0  0  34 35 36 0  0  0  0  0  0  0  0  0  0  0  3
4  0  0  0  0  0  0  0  0  0  0  0  30  0  0  0  0  0  0  0  0  0  0  0  0  0  0  0  0  0  0  0  0  0  0  0  0  0  0  0  0  0  0  0  0  0  0  0  0  3  4  0  0  0  0  0  0  0  30 0  0  0  0  0  0  0  0  0  0  0  0  0  0  0  0  0  0  0  0  0  0  0  0  0  0  0  0  0  0  0  0  0  0  0  0  0  0  0  0  3  4  30 0  0  0  0  0  0  0  0  0  0  0   0  0  0  0  0  0  0  0  0  0  0  0  0  0  0  0  0  0  0  0  0  0  0  0  0  0  0  0  0  0  0  0  0  0  0  0  3  4  0  0  0  0  0  0  0  0  0  30 0  0  0  0  0  0  0  0  0  0  0  0  0  0  0  0  0  0  0  0  0  0  0  0  0  0  0  0  0  0  0  0  0  0  0  0  0  0  3
4  0  0  0  0  0  0  0  0  0  0  0  30  0  0  0  0  0  0  0  0  0  0  0  0  0  0  0  0  0  0  0  0  0  0  0  0  0  0  0  0  0  0  0  0  0  0  0  0  3  4  0  0  0  0  0  0  0  30 0  0  0  0  0  0  0  0  0  0  0  34 36 0  0  0  0  0  0  0  0  0  0  0  0  0  0  0  0  0  0  0  0  0  0  0  0  0  0  0  3  4  30 0  0  0  0  0  0  0  0  0  0  0   0  0  0  0  0  0  0  0  0  0  0  0  0  0  0  0  0  0  0  0  0  0  0  0  0  0  0  0  0  0  0  0  0  0  0  0  3  4  0  0  0  0  0  0  0  0  0  30 0  0  0  0  0  0  0  0  0  0  0  0  0  0  0  0  0  0  0  0  0  0  0  0  0  0  0  0  0  0  0  0  0  0  0  0  0  0  3
4  0  0  0  0  0  0  0  0  0  0  0  30  0  0  0  0  0  0  0  0  0  0  0  0  0  0  0  0  0  0  0  0  0  0  0  0  0  0  0  0  0  0  0  0  0  0  0  0  3  4  0  0  0  0  0  0  0  30 0  0  0  0  0  0  0  0  0  0  0  0  0  0  0  34 36 0  0  0  0  0  0  0  0  0  0  0  0  0  0  0  0  0  0  0  0  0  0  0  3  4  30 0  0  0  0  0  0  0  0  0  0  0   0  0  0  0  0  0  0  0  0  0  0  0  0  0  0  0  0  0  0  0  0  0  0  0  0  0  0  0  0  0  0  0  0  0  0  0  3  4  0  0  0  0  0  0  0  0  0  30 0  0  0  0  0  0  0  0  0  34 35 36 0  0  0  0  0  0  0  0  0  0  0  0  0  0  0  0  0  0  0  0  0  0  0  0  0  0  3
4  0  0  0  0  0  0  0  0  0  0  0  30  0  0  0  0  0  0  0  0  0  0  0  0  0  0  0  0  0  0  0  0  0  0  0  0  0  0  0  0  0  0  0  0  0  0  0  0  3  4  0  0  0  0  0  0  0  30 0  0  0  0  0  0  0  34 36 0  0  0  0  0  0  0  0  0  0  0  0  34 36 0  0  0  0  0  0  0  0  0  0  0  0  0  0  0  0  0  3  4  30 0  0  0  0  0  0  0  0  0  0  0   0  0  0  0  0  0  0  0  0  0  0  0  0  0  0  0  0  0  0  0  0  0  0  0  0  0  0  0  0  0  0  0  0  0  0  0  3  4  0  0  0  0  0  0  0  0  0  30 0  0  0  0  0  0  0  0  0  0  0  0  0  0  0  0  0  0  0  0  0  0  0  0  0  0  0  0  0  0  0  0  0  0  0  0  0  0  21
4  0  0  0  0  0  0  0  0  0  0  0  30  0  0  0  0  0  0  0  0  0  0  0  0  0  0  0  0  0  0  0  0  0  0  0  0  0  0  0  0  0  0  0  0  0  0  0  0  3  4  0  0  0  0  0  0  0  30 0  0  0  0  0  0  0  0  0  0  0  0  0  0  0  0  0  34 36 0  0  0  0  0  0  0  0  0  0  0  0  0  0  0  0  0  0  0  0  0  3  4  30 0  0  0  0  0  0  0  0  0  0  0   0  0  0  0  0  0  0  0  0  0  0  0  0  0  0  0  0  0  0  0  0  0  0  0  0  0  0  0  0  0  0  0  0  0  0  0  3  4  0  0  0  0  0  0  0  0  0  30 0  0  0  0  0  0  0  0  0  0  0  0  0  0  0  0  0  0  0  0  0  0  0  0  0  0  0  0  0  0  0  0  34 35 35 35 35 36 22
4  0  0  0  0  0  0  0  0  0  0  0  30  0  0  0  0  0  0  0  0  0  0  0  0  0  0  0  0  0  0  0  0  0  0  0  0  0  0  0  0  0  0  0  0  0  0  0  0  3  4  0  0  0  0  0  0  0  30 0  0  0  0  0  0  0  0  0  0  0  0  0  0  0  0  0  0  0  0  0  0  0  0  0  0  0  0  0  0  0  0  0  0  0  0  0  0  0  0  3  4  30 0  0  0  0  0  0  0  0  0  0  0   0  0  0  0  0  0  0  0  0  0  0  0  0  0  0  0  0  0  0  0  0  0  0  0  0  0  0  0  0  0  0  0  0  0  0  0  3  4  0  0  0  0  0  0  0  0  0  30 0  0  0  0  0  0  0  0  0  0  0  0  0  0  0  0  0  0  0  0  0  0  0  0  0  0  0  0  0  0  0  0  0  0  0  0  0  0  23
4  0  0  0  0  0  0  0  0  0  0  0  30  0  0  0  0  0  0  0  0  0  0  0  0  0  0  0  0  0  0  0  0  0  0  0  0  0  0  0  0  0  0  0  0  0  0  0  0  3  4  0  0  0  0  0  0  0  30 0  0  0  0  0  0  0  0  0  0  0  0  0  0  0  0  0  0  0  0  0  0  0  0  0  0  0  0  0  0  0  0  0  0  0  0  0  0  0  0  3  4  30 0  0  0  0  0  0  0  0  0  0  0   0  0  0  0  0  0  0  0  0  0  0  0  0  0  0  0  0  0  0  0  0  0  0  0  0  0  0  0  0  0  0  0  0  0  0  0  3  4  0  0  0  0  0  0  0  0  0  30 0  0  0  0  0  0  0  0  0  0  0  0  34 35 35 35 35 35 35 35 36 0  0  0  0  0  0  0  0  0  0  0  0  0  0  0  0  0  3
4  0  0  0  0  0  0  0  0  0  0  0  30  0  0  0  0  0  0  0  0  0  0  0  0  0  0  0  0  0  0  0  0  0  0  0  0  0  0  0  0  0  0  0  0  0  0  0  0  3  4  0  0  0  0  0  0  0  30 0  0  0  0  0  0  0  0  0  0  0  0  0  0  0  0  0  0  0  0  0  0  0  34 35 36 0  0  0  0  0  0  0  0  0  0  0  0  0  0  3  4  30 0  0  0  0  0  0  0  0  0  0  0   0  0  0  0  0  0  0  0  0  0  0  0  0  0  0  0  0  0  0  0  0  0  0  0  0  0  0  0  34 35 35 35 36 0  0  0  3  4  0  0  0  0  0  0  0  0  0  30 0  0  0  0  0  0  0  0  0  0  0  0  25 0  0  0  0  0  0  25 0  0  0  0  0  0  0  0  0  0  0  0  0  0  0  0  0  0  21
4  0  0  0  0  0  0  0  0  0  0  0  30  0  0  0  0  0  0  0  0  0  0  0  0  0  0  0  0  0  0  0  0  0  0  0  0  0  0  0  0  0  0  0  0  0  0  0  0  3  4  0  0  0  0  0  0  0  30 0  0  0  0  0  0  0  0  0  0  0  0  0  0  0  0  0  0  0  0  0  0  0  0  0  0  0  0  0  0  0  0  0  0  0  0  0  0  0  0  3  4  30 0  0  0  0  0  0  0  0  0  0  0   0  0  0  0  0  0  0  0  0  0  0  0  0  0  0  0  0  0  0  0  0  0  0  0  0  0  0  0  0  0  0  0  0  0  0  0  3  4  0  0  0  0  0  0  0  0  0  30 0  0  0  0  0  0  0  0  0  0  0  0  0  0  0  0  0  0  0  0  0  0  0  34 36 0  0  34 36 0  0  34 35 35 35 35 35 36 22
4  0  0  0  0  0  0  0  0  0  0  0  30  0  0  0  0  0  0  0  0  0  0  0  0  0  0  0  0  0  0  0  0  0  0  0  0  0  0  0  0  0  0  0  0  0  0  0  0  3  4  0  0  0  0  0  0  0  30 0  0  0  0  0  0  0  0  0  0  0  0  0  0  0  0  0  0  0  0  0  0  0  0  0  0  0  0  0  0  0  0  0  0  0  0  0  0  0  0  21 4  30 0  0  0  0  0  0  0  0  0  0  0   0  0  0  0  0  0  0  0  0  0  0  0  0  0  0  0  0  0  0  0  0  0  0  0  0  0  0  0  0  0  0  0  0  0  0  0  3  4  0  0  0  0  0  0  0  0  0  30 0  0  0  0  0  0  0  0  0  0  0  0  0  0  0  0  0  0  0  0  0  0  0  0  0  0  0  0  0  0  0  0  0  0  0  0  0  0  23
4  0  0  0  0  0  0  0  0  0  0  0  30  0  0  0  0  0  0  0  0  0  0  0  0  0  0  0  0  0  0  0  0  0  0  0  0  0  0  0  0  0  0  0  0  0  0  0  0  3  4  0  0  0  0  0  0  0  30 0  0  0  0  0  0  34 35 35 35 36 0  0  0  0  0  0  0  0  0  0  0  0  0  0  0  34 35 36 0  0  0  34 35 35 35 35 35 35 36 22 4  30 0  0  0  0  0  0  0  0  0  0  0   0  0  0  0  0  0  0  0  0  0  0  0  0  0  0  0  0  0  24 0  0  0  0  0  0  0  24 0  0  0  0  0  0  0  0  0  3  4  0  0  0  0  0  0  0  0  0  30 0  0  0  0  0  0  0  0  0  0  0  0  0  0  0  0  0  0  0  0  0  0  0  0  0  0  0  0  0  0  0  0  0  0  0  0  0  0  21
4  0  0  0  0  0  0  0  0  0  0  0  30  0  0  0  0  0  0  0  0  0  0  0  0  0  0  0  0  0  0  0  0  0  0  0  0  0  0  0  0  0  0  0  0  0  0  0  0  3  4  0  0  0  0  0  0  0  30 0  0  0  0  0  0  0  0  0  0  0  0  0  0  0  0  0  0  0  0  0  0  0  0  0  0  0  0  0  0  0  0  0  0  0  0  0  0  0  0  23 4  30 0  0  0  0  0  0  0  0  0  0  0   0  0  0  0  0  0  0  0  0  0  0  0  0  0  0  0  0  0  34 35 35 35 35 35 35 35 35 36 0  0  0  0  0  0  0  0  3  4  0  0  0  0  0  0  0  0  0  30 0  0  0  0  0  0  0  0  0  0  0  0  0  0  0  0  0  0  0  0  0  0  0  0  0  0  0  0  0  0  0  0  0  0  0  0  34 36 22
4  0  0  0  0  0  0  0  0  0  0  0  30  0  0  0  0  0  0  0  0  0  0  0  0  0  0  0  0  0  0  0  0  0  0  0  0  0  0  0  0  0  0  0  0  0  0  0  0  3  4  0  0  0  0  0  0  0  30 34 35 36 0  0  0  0  0  0  0  0  0  0  0  0  0  0  0  0  0  0  0  0  0  0  0  0  0  0  0  0  0  0  0  0  0  0  0  0  0  3  4  30 0  0  0  0  0  0  0  0  0  0  0   0  0  0  0  0  0  0  0  0  0  0  0  0  0  0  0  0  0  0  0  0  0  0  0  0  0  0  0  0  0  0  0  0  0  0  0  3  4  0  0  0  0  0  0  0  0  0  30 0  0  0  0  0  0  0  0  0  0  0  0  0  0  0  0  0  0  0  0  0  0  0  0  0  0  0  0  0  0  0  0  0  0  0  0  0  0  23
4  0  0  0  0  0  0  0  0  0  0  0  30  0  0  0  0  0  0  0  0  0  0  0  0  0  0  0  0  0  0  0  0  0  0  0  0  0  0  0  0  0  0  0  0  0  0  0  0  3  4  0  0  0  0  0  0  0  30 0  0  0  0  0  0  0  0  0  0  0  0  0  0  0  0  0  0  0  0  0  0  0  0  0  0  0  0  0  0  0  0  0  0  0  0  0  0  0  0  21 4  30 0  0  0  0  0  0  0  0  0  0  0   0  0  0  0  0  0  0  0  0  0  0  0  34 35 35 36 0  0  0  0  0  0  0  0  0  0  0  0  0  0  0  0  34 36 0  0  3  4  0  0  0  0  0  0  0  0  0  30 0  0  0  0  0  0  0  0  0  0  0  0  0  0  0  0  0  0  0  0  0  0  0  0  0  0  0  0  0  0  0  0  0  0  0  0  0  0  3
4  0  0  0  0  0  0  0  0  0  0  0  30  0  0  0  0  0  0  0  0  0  0  0  0  0  0  0  0  0  0  0  0  0  0  0  0  0  0  0  0  0  0  0  0  0  0  0  0  3  4  0  0  0  0  0  0  0  30 0  0  0  0  0  0  0  0  0  0  0  0  0  0  0  0  0  0  0  0  0  0  0  0  0  0  0  0  0  0  0  0  0  0  0  0  0  0  34 36 22 4  30 0  0  0  0  0  0  0  0  0  0  0   0  0  0  0  0  0  0  0  0  0  0  0  0  0  0  0  0  0  0  0  0  0  0  0  0  0  0  0  0  0  0  0  0  0  0  0  21 4  0  0  0  0  0  0  0  0  0  30 0  0  0  0  0  0  0  0  0  0  0  0  0  0  0  0  0  0  0  0  0  0  0  0  0  0  0  0  0  0  0  0  0  0  0  0  0  0  3
4  0  0  0  0  0  0  0  0  0  0  0  30  0  0  0  0  0  0  0  0  0  0  0  0  0  0  0  0  0  0  0  0  0  0  0  0  0  0  0  0  0  0  0  0  0  0  0  0  3  4  0  0  0  0  0  0  0  30 0  0  0  0  0  0  0  0  0  0  0  0  0  0  0  0  0  0  0  0  0  0  0  0  0  0  0  0  0  0  0  0  0  0  0  0  0  0  0  0  23 4  30 0  0  0  0  0  0  0  0  0  0  0   0  0  0  0  0  0  0  0  0  0  0  0  0  0  0  0  0  0  0  0  0  0  0  0  0  0  0  0  0  0  0  0  0  0  0  44 22 4  0  0  0  0  0  0  0  0  0  30 34 35 35 35 35 35 35 35 35 35 35 35 35 35 35 36 0  0  0  0  0  0  0  0  34 35 36 0  0  0  0  0  0  0  0  34 36 0  3
4  0  0  0  0  0  0  0  0  0  0  0  30  0  0  0  0  0  0  0  0  0  0  0  0  0  0  0  0  0  0  0  0  0  0  0  0  0  0  0  0  0  0  0  0  0  0  0  0  3  4  0  0  0  0  0  0  0  30 0  0  0  0  0  0  24 0  0  0  0  0  0  0  0  0  0  0  0  0  0  0  0  0  0  0  0  0  0  0  0  0  0  0  0  0  0  0  0  0  3  4  30 0  0  0  0  0  0  0  0  0  0  0   0  0  0  0  0  0  0  0  0  0  0  0  0  0  0  0  0  0  0  0  0  0  0  0  0  0  0  0  0  0  0  0  0  0  0  45 22 4  0  0  0  0  0  0  0  0  0  30 0  0  0  25 0  0  0  0  0  0  0  0  0  25 0  0  0  0  0  0  0  0  0  0  0  0  0  0  0  0  0  0  0  0  0  0  0  0  3
4  0  0  0  0  0  0  0  0  0  0  0  30  0  0  0  0  0  0  0  0  0  0  0  0  0  0  0  0  0  0  0  0  0  0  0  0  0  0  0  0  0  0  0  0  0  0  0  0  3  4  0  0  0  0  0  0  0  30 34 35 35 35 35 35 35 36 0  0  0  0  0  0  0  0  0  34 35 36 0  0  0  34 35 35 35 35 35 35 35 35 35 35 36 0  0  0  0  0  3  4  30 0  0  0  0  0  0  0  0  0  0  0   0  24 0  0  0  0  0  0  0  0  0  0  0  0  0  0  0  0  0  0  0  0  0  0  0  0  0  0  0  0  0  0  0  0  37 46 22 4  0  0  0  0  0  0  0  0  0  30 0  0  0  0  0  0  0  0  0  0  0  0  0  0  0  0  0  0  0  0  0  0  0  0  0  0  0  0  0  0  0  0  0  0  0  0  0  0  3
4  0  0  0  0  0  0  0  0  0  0  0  30  0  0  0  0  0  0  0  0  0  0  0  0  0  0  0  0  0  0  0  0  0  0  0  0  0  0  0  0  0  0  0  0  0  0  0  0  3  4  0  0  0  0  0  0  0  30 34 36 0  0  0  0  0  0  0  0  0  0  0  0  0  0  0  0  0  0  0  0  0  0  25 0  0  0  0  0  0  0  0  25 0  0  0  0  0  0  3  4  30 34 35 35 35 35 35 35 35 35 35 35  35 35 35 36 0  0  0  0  0  0  0  0  0  43 0  0  0  0  0  0  0  0  0  34 36 0  0  0  0  0  0  0  0  34 35 36 22 4  0  0  0  0  0  0  0  0  0  30 0  0  0  0  0  0  0  0  0  0  0  0  0  0  0  0  0  0  0  0  0  0  0  0  0  0  0  0  0  0  0  0  0  0  0  0  0  0  3
4  0  0  0  0  0  0  0  0  0  0  0  30  0  0  0  0  0  0  0  0  0  0  0  0  0  0  0  0  0  0  0  0  0  0  0  0  0  0  0  0  0  0  0  0  0  0  0  0  3  4  0  0  0  0  0  0  0  30 0  0  0  0  0  0  0  0  0  0  0  0  0  0  0  0  0  0  0  0  0  0  0  0  0  0  0  0  0  0  0  0  0  0  0  0  0  0  0  0  3  4  30 0  0  0  25 0  0  0  0  0  0  0   0  0  25 0  0  0  0  0  0  0  0  0  40 41 42 0  0  0  0  0  0  0  0  0  0  0  0  0  0  0  0  0  0  0  0  0  23 4  0  0  0  0  0  0  0  0  0  30 0  0  0  0  0  0  0  0  0  0  0  0  0  0  0  0  0  0  0  0  0  0  0  0  0  0  0  0  0  0  0  0  0  0  0  0  0  0  3
4  0  0  0  0  0  0  0  0  0  0  0  30  0  0  0  0  0  0  0  0  0  0  0  0  0  0  0  0  0  0  0  0  0  0  0  0  0  0  0  0  0  0  0  0  0  0  0  0  3  4  0  0  0  0  0  0  0  30 0  0  0  0  0  0  0  0  0  0  0  0  0  0  34 35 36 0  0  0  0  0  0  0  0  0  0  0  0  0  0  0  0  0  0  0  0  0  0  0  3  4  30 0  0  0  0  0  0  0  0  0  0  0   0  0  0  0  0  0  0  0  0  0  0  40 41 41 41 42 0  0  0  0  0  0  0  0  0  0  0  0  0  0  0  0  0  0  0  0  3  4  0  0  0  0  0  0  0  0  0  30 0  0  34 35 36 0  0  0  0  0  0  0  0  0  0  0  0  0  0  0  0  0  0  0  0  0  0  0  0  0  0  0  0  0  0  0  0  0  3
4  0  0  0  0  0  0  0  0  0  0  0  30  0  0  0  0  0  0  0  0  0  0  0  0  0  0  0  0  0  0  0  0  0  0  0  0  0  0  0  0  0  0  0  0  0  0  0  0  3  4  0  0  0  0  0  0  0  30 0  0  0  0  0  0  0  0  0  0  0  0  0  0  0  0  0  0  0  0  0  0  0  0  0  0  0  0  0  0  0  0  0  0  0  0  0  0  0  0  3  4  30 0  0  0  0  0  0  0  0  0  0  0   0  0  0  0  0  0  0  0  0  0  40 41 41 41 41 41 42 0  0  0  0  0  0  0  0  0  0  0  0  0  0  0  0  0  0  0  3  4  0  0  0  0  0  0  0  0  0  30 0  0  0  0  0  0  0  0  0  0  0  0  0  0  0  0  0  0  0  0  0  0  0  0  0  0  0  0  0  0  0  0  0  0  0  0  0  0  21
4  0  0  0  0  0  0  0  0  0  0  0  30  0  0  0  0  0  0  0  0  0  0  0  0  0  0  0  0  0  0  0  0  0  0  0  0  0  0  0  0  0  0  0  0  0  0  0  0  3  4  0  0  0  0  0  0  0  30 0  0  0  0  0  0  0  0  0  0  0  0  0  0  0  0  0  0  0  0  0  0  0  0  0  0  0  0  0  0  0  0  0  0  0  0  0  0  0  0  3  4  30 0  0  0  0  0  0  0  0  0  0  0   0  0  0  0  0  0  0  0  0  40 41 41 41 41 41 41 41 42 0  0  0  0  0  0  0  0  0  0  0  0  0  0  0  0  0  0  3  4  0  0  0  0  0  0  0  0  0  30 0  0  0  0  0  0  0  0  0  0  0  0  0  34 35 35 35 35 35 35 35 35 35 35 35 35 35 35 35 35 35 35 35 35 35 35 35 36 22
4  0  0  0  0  0  0  0  0  0  0  0  30  0  0  0  0  0  0  0  0  0  0  0  0  0  0  0  0  0  0  0  0  0  0  0  0  0  0  0  0  0  0  0  0  0  0  0  0  3  4  0  0  0  0  0  0  0  30 0  0  0  34 36 0  0  0  0  0  0  0  0  0  0  0  0  0  0  0  0  0  0  0  0  0  0  0  0  0  0  0  0  0  0  0  0  0  0  0  21 4  30 0  0  0  0  0  34 36 0  0  0  0   0  0  0  0  0  0  0  0  40 41 41 41 41 41 41 41 41 41 42 0  0  0  0  0  0  0  0  0  0  0  0  0  0  0  0  0  3  4  0  0  0  0  0  0  0  0  0  30 0  0  0  0  0  0  0  0  0  0  0  0  0  0  0  0  0  0  0  0  0  0  0  0  0  0  0  0  0  0  0  0  0  0  0  0  0  0  23
4  0  0  0  0  0  0  0  0  0  0  0  30  0  0  0  0  0  0  0  24 0  0  0  0  0  0  0  0  0  0  0  0  0  0  0  0  0  0  0  0  0  0  0  0  34 36 0  0  3  4  0  0  0  0  0  0  0  30 0  0  0  0  0  0  34 35 35 35 35 35 35 35 35 35 35 35 35 35 35 35 35 35 35 35 35 35 35 35 35 35 35 35 35 35 35 35 35 36 22 4  30 0  0  0  0  0  0  0  0  0  0  0   0  0  0  0  0  0  0  37 38 38 38 38 38 38 38 38 38 38 38 39 0  0  0  0  0  0  0  0  0  0  0  0  0  0  0  0  21 4  0  0  0  0  0  0  0  0  0  30 0  0  0  0  34 36 0  0  0  0  0  0  0  0  0  0  0  0  0  0  0  0  0  0  0  0  0  0  0  0  0  0  0  0  0  0  0  0  3
4  0  0  0  0  0  0  0  0  0  0  0  30  34 35 35 35 35 35 35 35 36 0  0  34 35 35 35 35 35 35 35 36 0  0  0  0  0  0  0  0  0  34 35 35 36 0  0  0  21 4  0  0  0  0  0  0  0  30 0  0  0  0  0  0  0  0  0  0  0  0  0  0  0  0  0  0  0  0  0  0  0  0  0  0  0  0  0  0  0  0  0  0  0  0  0  0  0  0  23 4  30 34 35 36 0  0  0  0  0  0  0  0   0  0  0  34 35 35 35 35 35 35 35 35 35 35 35 35 35 35 35 35 35 35 35 35 35 35 35 35 35 35 35 35 35 35 35 36 22 4  0  0  0  0  0  0  0  0  0  30 0  0  0  0  0  0  0  0  0  0  0  0  0  0  0  0  0  0  0  0  0  0  0  0  0  0  0  0  0  0  0  0  0  0  34 36 0  0  3
4  0  0  0  0  0  0  0  0  0  0  0  30  0  0  0  0  0  0  0  0  0  0  0  0  0  0  0  0  0  0  0  0  0  0  0  0  0  0  0  0  0  0  0  0  0  0  0  44 22 4  0  0  0  0  0  0  0  30 0  0  0  0  0  0  0  0  0  0  0  0  0  0  0  0  0  0  0  0  0  0  0  0  0  0  0  0  0  0  0  0  0  0  0  0  0  0  0  0  3  4  30 0  0  0  0  0  0  0  0  0  0  0   0  0  0  0  0  0  0  0  0  0  0  0  0  0  0  0  0  0  0  0  0  0  0  0  0  0  0  0  0  0  0  0  0  0  0  0  23 4  0  0  0  0  0  0  0  0  0  30 0  0  0  0  0  0  34 36 0  0  0  0  0  0  0  0  0  0  0  0  0  0  0  0  0  0  0  0  0  0  0  0  0  0  0  0  0  0  3
4  0  0  0  0  0  0  0  0  0  0  0  30  0  0  0  0  0  0  0  0  0  0  0  0  0  0  0  0  0  0  0  0  0  0  0  0  0  0  0  0  0  0  0  0  0  0  37 45 22 4  0  0  0  0  0  0  0  30 34 36 0  0  0  0  0  0  0  0  0  0  0  0  0  0  0  0  0  0  0  0  0  0  0  0  0  0  0  0  0  0  0  0  0  0  0  0  0  0  3  4  30 0  0  0  0  0  0  0  0  0  0  0   0  0  0  0  0  0  0  0  0  0  0  0  0  0  0  0  0  0  0  0  0  0  0  0  0  0  0  0  0  0  0  0  0  0  0  0  3  4  0  0  0  0  0  0  0  0  0  30 0  0  0  0  0  0  0  0  0  0  34 36 0  0  0  0  0  0  0  0  0  0  0  0  0  0  0  0  0  0  0  0  0  0  0  0  0  0  3
4  0  0  0  0  0  0  0  0  0  0  0  30  0  0  0  0  0  0  0  0  0  0  0  0  0  0  0  0  0  0  0  0  0  0  0  0  0  0  0  0  0  0  0  0  0  37 38 45 22 4  0  0  0  0  0  0  0  30 0  0  0  0  0  0  0  0  0  0  0  0  0  0  0  0  0  0  0  0  0  0  0  0  0  0  0  0  0  0  0  0  0  0  0  0  0  0  0  0  3  4  30 0  0  0  0  0  0  0  0  0  0  0   0  0  34 36 0  0  0  0  0  0  0  0  0  0  0  0  0  0  0  0  0  0  0  0  0  0  0  0  0  0  0  0  0  0  0  0  3  4  0  0  0  0  0  0  0  0  0  26 0  0  0  0  0  0  0  0  0  0  0  0  0  0  0  0  0  0  0  0  0  0  0  0  0  0  0  0  0  0  0  0  0  0  0  0  0  0  21
4  0  0  0  0  0  0  0  0  0  0  0  30  0  0  0  0  0  0  0  0  0  0  0  0  0  0  0  0  0  0  0  24 0  0  0  0  0  0  0  24 0  0  0  0  37 38 38 46 22 4  0  0  0  0  0  0  0  30 0  0  0  0  0  0  0  0  0  0  0  0  0  0  0  0  0  0  0  0  0  0  0  0  0  0  0  0  0  0  0  0  0  0  0  0  0  0  0  0  3  4  30 0  0  34 35 36 0  0  0  0  0  0   0  0  0  0  0  0  0  0  0  0  0  0  0  0  0  0  0  0  0  0  0  0  0  0  0  0  0  0  0  0  0  0  0  0  0  0  3  4  27 27 27 27 27 27 27 27 27 27 27 27 27 27 27 27 27 27 27 27 27 27 27 27 27 27 27 27 27 27 27 28 0  0  0  0  0  0  0  0  34 36 0  0  0  0  34 36 22
4  0  0  0  0  0  0  0  0  0  0  0  30  0  0  0  0  0  0  0  0  34 35 35 35 35 35 35 36 0  0  34 35 35 35 35 35 35 35 35 35 35 35 35 35 35 35 35 36 22 4  0  0  0  0  0  0  0  30 0  0  0  0  0  0  0  0  0  0  0  0  0  0  0  0  0  0  0  0  0  0  0  0  0  0  0  0  0  0  0  0  0  0  0  0  0  0  0  0  3  4  30 0  0  0  0  0  0  0  0  0  0  34  36 0  0  0  0  0  0  34 36 0  0  0  0  0  0  0  0  0  0  0  0  0  0  0  0  0  0  0  0  0  0  0  0  0  0  0  3  4  0  0  0  0  0  0  0  0  0  0  0  0  0  0  0  0  0  0  0  0  0  0  0  0  0  0  0  0  0  0  0  0  0  0  0  0  0  0  0  0  0  0  0  0  0  0  0  0  23
4  0  0  0  0  0  0  0  0  0  0  0  30  0  0  0  0  0  0  0  0  0  0  0  0  0  0  0  0  0  0  0  0  0  0  0  0  0  0  0  0  0  0  0  0  0  0  0  0  23 4  0  0  0  0  0  0  0  30 34 35 35 35 35 35 35 36 0  0  0  0  0  0  0  34 35 35 35 35 35 35 35 35 35 36 0  0  0  0  0  0  0  0  0  34 35 36 0  0  3  4  30 0  0  0  0  0  0  34 36 0  0  0   0  0  0  0  0  0  0  0  0  0  0  0  0  0  0  0  0  0  0  0  0  0  0  0  0  0  0  0  0  0  0  0  0  0  0  0  3  4  0  0  0  0  0  0  0  0  0  0  0  0  0  0  0  34 36 0  0  0  0  0  0  0  0  0  0  0  0  0  0  0  0  0  0  0  0  0  0  0  0  0  0  0  0  0  0  0  3
4  0  0  0  0  0  0  0  0  0  0  0  30  0  0  0  0  0  0  0  0  0  0  0  0  0  0  0  0  0  0  0  0  0  0  0  0  0  0  0  0  0  0  0  0  0  0  0  0  3  4  0  0  0  0  0  0  0  30 0  0  0  0  0  0  25 0  0  0  0  0  0  0  0  0  25 0  0  0  0  0  0  0  25 0  0  0  0  0  0  0  0  0  0  0  0  0  0  0  3  4  30 0  0  0  0  0  0  0  0  0  0  0   0  0  0  0  0  0  0  0  0  0  0  34 35 35 35 35 35 35 35 35 36 0  0  0  0  0  0  0  0  34 35 36 0  0  0  0  3  4  0  0  0  0  0  0  0  0  0  0  0  0  0  0  0  0  0  0  0  0  0  0  0  0  0  0  0  0  0  0  0  0  0  0  0  0  0  0  0  0  0  0  0  0  0  0  0  0  3
4  0  0  0  0  0  0  0  0  0  0  0  30  0  0  0  0  0  0  0  0  0  0  0  0  0  0  0  0  0  0  0  0  0  0  0  0  0  0  0  0  0  0  0  0  0  0  0  0  3  4  0  0  0  0  0  0  0  30 0  0  0  0  0  0  0  0  0  0  0  0  0  0  0  0  0  0  0  0  0  0  0  0  0  0  0  0  0  0  0  0  0  0  0  0  0  0  0  0  3  4  30 0  0  0  0  0  0  0  0  0  0  0   0  0  0  0  0  0  0  0  0  0  0  25 0  0  0  0  0  0  0  25 0  0  0  0  0  0  0  0  0  0  0  0  0  0  0  0  3  4  0  0  0  0  0  0  0  0  0  0  0  0  0  0  0  0  0  34 35 36 0  0  0  0  0  0  0  0  0  0  0  0  0  0  0  0  0  0  0  0  0  0  0  0  0  0  0  0  3
4  0  0  0  0  0  0  0  0  0  0  0  30  0  0  0  0  0  0  0  0  0  0  0  0  24 0  0  0  0  0  0  0  0  0  0  0  24 0  0  0  0  0  0  0  0  0  0  0  21 4  0  0  0  0  0  0  0  30 0  0  0  0  0  0  0  0  0  0  0  0  0  0  0  0  0  0  0  0  0  0  0  0  0  0  0  0  0  0  0  0  0  0  0  0  0  0  0  0  3  4  30 0  0  0  0  0  0  0  0  0  0  0   0  0  0  0  0  0  0  0  0  0  0  0  0  0  0  0  0  0  0  0  0  0  0  0  0  0  0  0  0  0  0  0  0  0  0  0  3  4  0  0  0  0  0  0  0  0  0  0  0  0  0  0  0  0  0  0  0  0  0  0  0  0  0  0  0  0  0  0  0  0  0  0  0  0  0  0  0  0  0  0  0  0  0  0  0  0  3
4  0  0  0  0  0  0  0  0  0  0  0  26  27 27 27 27 27 27 27 27 27 27 27 27 27 27 27 27 27 27 27 27 27 27 27 27 27 27 27 27 27 27 27 28 0  0  34 36 22 4  0  0  0  0  0  0  0  30 0  0  0  0  0  0  0  0  0  0  0  0  0  0  0  0  0  0  0  0  0  0  0  0  0  0  0  0  0  0  0  0  0  0  0  0  0  0  0  0  21 4  30 0  0  0  0  0  0  0  0  0  0  0   0  0  0  0  0  0  0  0  0  0  0  0  0  0  0  0  0  0  0  0  0  0  0  0  0  0  0  0  0  0  0  0  0  0  0  0  3  4  0  0  0  0  0  0  0  0  34 35 35 35 35 35 35 36 0  0  0  0  0  0  0  0  0  0  0  0  0  0  0  0  0  0  0  0  0  0  24 0  0  0  0  0  0  0  0  0  21
4  0  0  0  0  0  0  0  0  0  0  0  0   0  0  0  0  0  0  0  0  0  0  0  0  0  0  0  0  0  0  0  0  0  0  0  0  0  0  0  0  0  0  0  0  0  0  0  0  23 4  0  0  0  0  0  0  0  30 0  0  0  0  0  0  0  0  0  0  0  0  0  0  0  0  0  0  0  0  0  0  0  0  34 35 35 35 36 0  0  34 35 35 35 35 35 35 35 36 22 4  30 0  0  0  0  0  0  0  0  0  0  0   0  0  0  0  0  0  0  0  0  0  0  0  0  0  0  0  0  0  0  0  0  0  0  0  0  0  0  0  0  0  0  0  0  0  0  0  3  4  0  0  0  0  0  0  0  0  34 36 0  0  0  0  0  0  0  0  0  0  0  0  0  0  0  0  0  0  0  0  0  0  0  0  0  0  0  34 35 35 35 35 35 35 35 35 35 36 22
4  0  0  0  0  0  0  0  0  0  0  0  0   0  0  0  0  0  0  0  0  0  0  0  0  0  0  0  0  0  0  0  0  0  0  0  0  0  0  0  0  0  0  0  0  0  0  0  0  3  4  0  0  0  0  0  0  0  30 0  0  0  0  0  0  0  0  0  0  0  0  0  0  0  0  0  0  0  0  0  0  0  0  0  0  0  0  0  0  0  0  0  0  0  0  0  0  0  0  23 4  30 0  0  0  0  0  0  0  0  0  0  0   0  0  0  0  0  0  0  0  0  0  0  0  0  0  0  0  0  0  0  0  0  0  0  0  0  0  0  0  0  0  0  0  0  0  0  0  3  4  0  0  0  0  0  0  0  0  34 36 0  0  0  0  0  0  0  0  0  0  0  0  0  0  0  0  0  0  0  0  0  0  0  0  0  0  0  0  0  0  0  0  0  0  0  0  0  0  23
4  0  0  0  0  0  0  0  0  0  0  0  0   0  0  0  0  0  0  0  0  0  0  0  0  0  0  0  0  0  0  0  0  0  0  0  0  0  0  0  0  0  0  0  0  0  0  0  0  3  4  0  0  0  0  0  0  0  30 0  0  0  0  0  0  0  0  0  0  0  0  0  0  0  0  0  0  0  0  0  0  0  0  0  0  0  0  0  0  0  0  0  0  0  0  0  0  0  0  3  4  30 0  0  0  0  0  0  0  0  0  0  0   0  0  0  0  0  0  0  0  0  0  0  0  0  0  0  0  0  0  0  0  0  0  0  0  0  0  0  0  0  0  0  0  0  0  0  0  3  4  0  0  0  0  0  0  0  0  34 36 0  0  0  0  0  0  0  0  0  0  0  0  0  0  0  0  0  0  0  0  0  0  34 35 35 36 0  0  0  0  0  0  0  0  0  0  0  0  3
4  0  0  0  0  0  0  0  0  0  0  0  0   0  0  0  0  0  0  0  0  0  0  0  0  0  0  0  0  0  0  0  0  0  0  0  0  0  0  0  0  0  0  0  0  0  0  0  0  3  4  0  0  0  0  0  0  0  30 0  0  0  0  0  0  0  0  0  0  0  0  0  0  0  0  0  0  0  0  0  0  0  0  0  0  0  0  0  0  0  0  0  0  0  0  0  0  0  0  3  4  26 27 27 27 27 27 27 27 27 27 27 27  27 27 27 27 27 27 27 27 27 27 27 27 27 27 27 27 27 27 27 27 27 27 27 27 27 27 27 27 27 27 27 28 0  0  0  0  3  4  0  0  0  0  0  0  0  0  34 36 0  0  0  0  0  0  0  0  0  0  0  0  0  0  0  0  34 35 35 36 0  0  0  0  0  0  0  0  0  0  0  0  0  0  0  0  0  0  3
4  0  0  0  0  0  0  0  0  0  0  0  0   0  0  0  0  0  0  0  0  0  0  0  0  0  0  0  0  0  0  0  0  0  0  0  0  0  0  0  0  0  0  0  0  0  0  0  0  3  4  0  0  0  0  0  0  0  30 0  0  0  0  0  0  0  0  0  0  0  0  0  0  0  0  0  0  0  0  0  0  0  0  0  0  0  0  0  0  0  0  0  0  0  0  0  0  0  0  21 4  0  0  0  0  0  0  0  0  0  0  0  0   0  0  0  0  0  0  0  0  0  0  0  0  0  0  0  0  0  0  0  0  0  0  0  0  0  0  0  0  0  0  0  0  0  0  0  0  3  4  0  0  0  0  0  0  0  0  34 36 0  0  0  0  0  0  0  0  0  0  0  0  0  0  0  0  0  0  0  0  0  0  0  0  0  0  0  0  0  0  0  0  0  0  0  0  0  0  3
4  0  0  0  0  0  0  0  0  0  0  0  0   0  0  0  0  0  0  0  0  0  0  0  0  0  0  0  0  0  0  0  0  0  0  0  0  0  0  0  0  0  0  0  0  0  0  0  0  3  4  0  0  0  0  0  0  0  26 27 27 27 27 27 27 27 27 27 31 32 33 27 27 27 27 27 27 27 31 32 33 27 27 27 27 27 27 27 27 27 27 27 28 0  0  34 35 35 36 22 4  0  0  0  0  0  0  0  0  0  0  0  0   0  0  0  0  0  0  0  0  0  0  0  0  0  0  0  0  0  0  0  0  0  0  0  0  0  0  0  0  0  0  0  0  0  0  0  0  3  4  0  0  0  0  0  0  0  0  34 35 35 35 36 0  0  0  0  0  0  0  0  34 35 36 0  0  0  0  0  0  0  0  0  0  0  0  0  0  0  0  0  0  0  0  0  0  0  0  3
4  0  0  0  0  0  0  0  0  0  0  0  0   0  0  0  0  0  0  0  0  0  0  0  0  0  0  0  0  0  0  0  0  0  0  0  0  0  0  0  0  0  0  0  0  0  0  0  0  21 4  0  0  0  0  0  0  0  0  0  0  0  0  0  0  0  0  0  0  25 0  0  0  0  0  0  0  0  0  25 0  0  0  0  0  0  0  0  0  0  0  0  0  0  0  0  0  0  0  23 4  0  0  0  0  0  0  0  0  0  0  0  0   0  0  0  0  0  0  0  0  0  0  0  0  0  0  0  0  0  0  0  0  0  0  0  0  0  0  0  0  0  0  0  0  0  0  0  0  21 4  0  0  0  0  0  0  0  0  34 36 0  0  0  0  0  0  0  0  0  0  0  0  0  0  0  0  0  0  0  0  0  0  0  0  0  0  0  0  0  0  0  0  0  0  0  0  0  0  3
4  0  0  0  0  0  0  0  0  0  0  0  0   0  0  0  0  0  0  0  0  0  0  0  0  0  0  0  0  0  0  0  0  0  0  0  35 0  0  0  0  0  0  0  34 35 35 35 36 22 4  0  0  0  0  0  0  0  0  0  0  0  0  0  0  0  0  0  0  0  0  0  0  0  0  0  0  0  0  0  0  0  0  0  0  0  0  0  0  0  0  0  0  0  0  0  0  0  0  3  4  0  0  0  0  0  0  0  0  0  0  0  0   0  0  0  0  0  0  0  0  0  0  0  0  0  0  0  0  0  0  0  0  0  0  0  0  0  0  0  0  0  0  34 35 35 35 35 36 22 4  0  0  0  0  0  0  0  0  34 36 0  0  0  0  0  0  0  0  0  0  0  0  0  0  0  0  0  0  0  0  0  0  0  0  0  0  0  0  0  0  0  0  0  0  0  0  0  0  3
4  0  0  0  0  0  0  0  0  0  0  0  0   0  0  0  0  0  0  0  0  0  0  0  0  0  0  0  0  0  0  0  0  0  0  0  0  0  0  0  0  0  0  0  0  0  0  0  0  23 4  0  0  0  0  0  0  0  0  0  0  0  0  0  0  0  0  0  0  0  0  0  0  0  0  0  0  0  0  0  0  0  0  0  0  0  0  0  0  0  0  0  0  0  0  0  0  0  0  3  4  0  0  0  0  0  0  0  0  0  0  0  0   0  0  0  0  0  0  0  0  0  0  0  0  0  0  0  0  0  0  0  0  0  0  0  0  0  0  0  0  0  0  0  0  0  0  0  0  23 4  0  0  0  0  0  0  0  0  34 36 0  0  0  0  0  0  0  0  0  0  0  0  0  0  0  0  0  0  0  0  0  0  0  0  0  0  0  0  0  0  0  0  0  0  0  0  0  0  3
4  0  0  0  0  0  0  0  0  0  0  0  0   0  0  0  0  43 0  0  0  0  0  0  0  0  0  0  0  0  0  0  0  0  43 0  0  0  0  0  0  0  0  0  0  0  0  0  0  3  4  0  0  0  0  0  0  0  0  0  0  0  0  0  0  0  0  0  0  0  0  0  0  0  0  0  0  0  0  0  0  0  0  0  0  0  0  0  0  0  0  0  0  0  0  0  0  0  0  3  4  0  0  0  0  0  0  0  0  0  0  0  0   0  43 0  0  0  0  0  0  0  0  35 0  0  0  0  0  0  43 0  0  0  0  0  0  0  0  35 0  0  0  0  0  0  0  0  0  3  4  0  0  0  0  0  0  0  0  34 36 0  0  0  0  0  0  0  0  0  0  0  0  0  0  0  0  0  0  0  0  0  0  0  0  0  0  0  0  0  0  0  0  0  0  0  0  0  0  3
4  0  0  0  0  0  0  0  0  0  0  0  0   0  0  0  40 41 42 0  0  0  0  0  0  0  0  0  0  0  0  0  0  40 41 42 0  0  0  0  0  0  0  0  0  0  0  0  0  0  0  0  0  0  0  0  0  0  0  0  0  0  0  0  0  0  0  0  0  0  0  0  0  0  0  0  0  0  0  0  0  0  0  0  0  0  0  0  0  0  0  0  0  0  0  0  0  0  0  0  0  0  0  0  0  0  0  0  0  0  0  0  0   40 42 0  0  0  0  0  0  0  0  0  0  0  0  0  0  40 42 0  0  0  0  0  0  0  0  0  0  0  0  0  0  0  0  0  0  0  0  0  0  0  0  0  0  0  0  34 36 0  0  0  0  0  0  0  0  0  0  0  0  0  0  0  0  0  0  0  0  0  0  0  0  0  0  0  0  0  0  0  0  0  0  0  0  0  0  3
5  0  0  0  0  0  0  0  0  0  0  0  0   0  0  37 38 38 38 39 0  0  0  0  0  0  0  0  0  0  0  0  37 38 38 38 39 0  0  0  0  0  0  0  0  0  0  0  0  0  0  0  0  0  0  0  0  0  0  0  0  0  0  0  0  0  0  0  0  0  0  0  0  0  0  0  0  0  0  0  0  0  0  0  0  0  0  0  0  0  0  0  0  0  0  0  0  0  0  0  0  0  0  0  0  0  0  0  0  0  0  37 38  38 39 0  0  0  0  0  0  0  0  0  0  0  0  37 38 38 39 0  0  0  0  0  0  0  0  0  0  0  0  0  0  0  0  0  0  0  0  0  0  0  0  0  0  0  0  34 36 0  0  0  0  0  0  0  0  0  0  0  0  0  0  0  0  0  0  0  0  0  0  0  0  0  0  0  0  0  0  0  0  0  0  0  0  0  0  8
6  7  1  1  1  1  1  1  1  1  1  1  1   1  1  1  1  1  1  1  1  1  1  1  1  1  1  1  1  1  1  1  1  1  1  1  1  1  1  1  1  1  1  1  1  1  1  1  1  1  1  1  1  1  1  1  1  1  1  1  1  1  1  1  1  1  1  1  1  1  1  1  1  1  1  1  1  1  1  1  1  1  1  1  1  1  1  1  1  1  1  1  1  1  1  1  1  1  1  1  1  1  1  1  1  1  1  1  1  1  1  1  1   1  1  1  1  1  1  1  1  1  1  1  1  1  1  1  1  1  1  1  1  1  1  1  1  1  1  1  1  1  1  1  1  1  1  1  1  1  1  1  1  1  1  1  1  1  1  1  1  1  1  1  1  1  1  1  1  1  1  1  1  1  1  1  1  1  1  1  1  1  1  1  1  1  1  1  1  1  1  1  1  1  1  1  1  1  9  10